[Spectrum]
Version            = 1
IDData             = DLAB_2022-07-25_11-20-03_546_522
IDDevice           = SAM_8799
IDDataType         = SPECTRUM
IDDataTypeSub1     = BACK
IDDataTypeSub2     = 
IDDataTypeSub3     = 
DateTime           = 2022-07-25 11:13:21
PositionLatitude   = 0
PositionLongitude  = 0
Comment            = 
CommentSub1        = 
CommentSub2        = 
CommentSub3        = 
IDMethodType       = SAM Calibration Station
MethodName         = SAM Calibration Station_2
Mission            = 
MissionSub         = 0
RecordType         = 0

[Attributes]
CalFactor = 1
IDBasisSpec = 
IDDataBack = 
IDDataCal = 
IntegrationTime = 8192
P31 = -1
P31e = 0
PathLength = +INF
RAWDynamic = 65535
Temperature = +NAN
Unit1 = $05 $00 Pixel 
Unit2 = $03 $05 Intensity counts
Unit3 = $03 $05 Intensity counts
Unit4 = $f1 $00 Status 
[END] of [Attributes]
[DATA]
 0 12 0 0
 1 0.0206625069989527 0.0266603610375441 0
 2 0.0205428097986929 0.0268269628134619 0
 3 0.0205270939971661 0.0267804654867183 0
 4 0.0204936616714168 0.0267467015700169 0
 5 0.0205415171018712 0.0269032094847752 0
 6 0.0205344148590825 0.026873552832518 0
 7 0.0205409624408919 0.0268034025572883 0
 8 0.0205327421523166 0.0267469300714049 0
 9 0.0205419658555796 0.0268896833896277 0
 10 0.0205123472384451 0.0268168106486633 0
 11 0.0205355264492365 0.026886127391328 0
 12 0.0205206852986973 0.0267326804176224 0
 13 0.0205264255774707 0.0266494692544255 0
 14 0.0205167588782257 0.0267634881303473 0
 15 0.0205489840006671 0.0267866839014957 0
 16 0.0205199418540817 0.0270023007089078 0
 17 0.0205247092515651 0.0269326589321832 0
 18 0.0205148954685814 0.0268441074000313 0
 19 0.0205388495297689 0.0267722691122564 0
 20 0.020509419172841 0.0271543646295218 0
 21 0.0205367336525445 0.0270407729063092 0
 22 0.0205123690480149 0.0267812668999133 0
 23 0.0205472500526291 0.0268744657906992 0
 24 0.0205209993565025 0.0268761639278284 0
 25 0.020542947635174 0.0270553971697009 0
 26 0.0205253654579014 0.0268491047550616 0
 27 0.0205401101229038 0.0266257683014462 0
 28 0.0205298864944843 0.0267420997720111 0
 29 0.0205383540163429 0.0267319229939996 0
 30 0.0205338917783603 0.0266083295782545 0
 31 0.0205453580288292 0.0270174200295465 0
 32 0.0205302014246723 0.0267290922999527 0
 33 0.0205451013738117 0.0268704423159159 0
 34 0.0205246356224574 0.0268304205334718 0
 35 0.0205456056110656 0.0267885606153398 0
 36 0.0205297296400582 0.0269651899189356 0
 37 0.020537274006446 0.0266188146323937 0
 38 0.0205332010256653 0.0269269860230112 0
 39 0.0205523798379244 0.0267664862291543 0
 40 0.0205275467638353 0.0268346402157112 0
 41 0.0205445999281827 0.0267395167811496 0
 42 0.0205320573318246 0.026670501157579 0
 43 0.0205407263741083 0.0268193587271661 0
 44 0.020531066130496 0.0268960945206253 0
 45 0.0205599994037089 0.0269469309298752 0
 46 0.0205589696430609 0.0265785102344056 0
 47 0.0205372214890019 0.0268894184048248 0
 48 0.0205369862946011 0.0266954509256305 0
 49 0.020547658676729 0.0269129056941687 0
 50 0.020551495241773 0.026783854778505 0
 51 0.0205604253009881 0.0267189715562769 0
 52 0.0205344523715426 0.0266794465766977 0
 53 0.020552199429163 0.0268333542189769 0
 54 0.0205363112447965 0.0271265248164136 0
 55 0.0205624387604727 0.0270231336116165 0
 56 0.0205424898086846 0.0268104471730354 0
 57 0.0205548144838212 0.0268675487796233 0
 58 0.0205513341999096 0.0267245611994734 0
 59 0.0205412396841433 0.0266037955102246 0
 60 0.0205550566572843 0.0267074480340269 0
 61 0.0205624593487066 0.0268063138988839 0
 62 0.0205447749281708 0.0266965621860093 0
 63 0.0205613133866707 0.0267645388177837 0
 64 0.0205407830789898 0.0266975570136717 0
 65 0.0205630691442785 0.0266898750728158 0
 66 0.0205593716370516 0.0266723640810415 0
 67 0.0205653041889923 0.0266814982014592 0
 68 0.0205442373658942 0.0268933092126449 0
 69 0.020548985222003 0.0268086160198193 0
 70 0.0205396821319059 0.0267125358120664 0
 71 0.0205638628381429 0.0268023178303022 0
 72 0.0205438447936376 0.0270436152959962 0
 73 0.0205698093482083 0.0268523269912117 0
 74 0.0205400370172258 0.026803091488172 0
 75 0.0205677988548252 0.0269049861747116 0
 76 0.0205490541402436 0.0267954535368881 0
 77 0.0205756555342527 0.02668207635012 0
 78 0.0205419525953611 0.0267314396323928 0
 79 0.0205688460631291 0.0266596933386832 0
 80 0.0205469838014009 0.0269022040088434 0
 81 0.0205684465118102 0.0268644630507959 0
 82 0.0205598092242602 0.026807809020647 0
 83 0.0205676939944136 0.0269319023813693 0
 84 0.0205480765480865 0.0268043039943911 0
 85 0.0205776253745977 0.0268521826286084 0
 86 0.0205534896833128 0.026566303477295 0
 87 0.0205769112420439 0.0268132883407898 0
 88 0.0205466604963381 0.0268198881730864 0
 89 0.0205628655301347 0.0268667262444514 0
 90 0.0205573585265201 0.0267193271386507 0
 91 0.0205621287156284 0.026850981294344 0
 92 0.0205618537405722 0.0269379731168691 0
 93 0.020564204986674 0.0272546383352451 0
 94 0.0205548696184136 0.0266656153475348 0
 95 0.0205645884861495 0.0268181856719123 0
 96 0.0205637644333639 0.0268053091211993 0
 97 0.0205779422240279 0.0268935408561451 0
 98 0.020560271238187 0.0268914607778113 0
 99 0.0205730952652338 0.0268066226986969 0
 100 0.0205551533172977 0.0267340547426244 0
 101 0.0205666911031555 0.0268809195147745 0
 102 0.0205443809601018 0.0267237976661877 0
 103 0.0205749262222383 0.026838950844645 0
 104 0.020556833003126 0.0269760534230436 0
 105 0.0205694507988807 0.0267226912935391 0
 106 0.0205509301122002 0.0270782289795094 0
 107 0.0205740402302744 0.0268630138387845 0
 108 0.0205693082515324 0.0270687099503365 0
 109 0.0205750265462594 0.0270439441704155 0
 110 0.0205644858939332 0.0266313462490024 0
 111 0.0205702202405035 0.0268583006703543 0
 112 0.0205669608439149 0.026645137154391 0
 113 0.0205649374392665 0.0271864656705763 0
 114 0.0205538569564683 0.0267893503328946 0
 115 0.0205791590235465 0.0267704217247936 0
 116 0.0205566641098174 0.0267746771922006 0
 117 0.0205651801361593 0.0268402989853779 0
 118 0.0205537367421195 0.0268755931107629 0
 119 0.0205832175227729 0.0266866360787335 0
 120 0.0205714525684359 0.0269554203935888 0
 121 0.0205894684944328 0.0267418819188926 0
 122 0.0205479921014322 0.0268672534210684 0
 123 0.0205697088497107 0.0266664186809095 0
 124 0.0205539974100979 0.0269414235052836 0
 125 0.0205824016703855 0.0267204228630299 0
 126 0.0205691911777617 0.0270537777599407 0
 127 0.0205804196166814 0.0270246659150417 0
 128 0.0205609724594755 0.0266194427057275 0
 129 0.0205676161778685 0.0267342945905289 0
 130 0.020558935620132 0.0267992944200351 0
 131 0.0205862972085063 0.0268874650583532 0
 132 0.0205695929972759 0.0269568025738714 0
 133 0.0205806345718015 0.0267055208718243 0
 134 0.0205634971352764 0.0268053883722536 0
 135 0.0205706867908208 0.0267319884546722 0
 136 0.0205592950418424 0.0269613617787995 0
 137 0.0205757094475092 0.0267873941934343 0
 138 0.0205612120157902 0.0269230899783374 0
 139 0.020595912611643 0.0270917442518257 0
 140 0.0205412824309001 0.026781752007138 0
 141 0.0205745751754027 0.0268399517819702 0
 142 0.0205503180484331 0.0269017672552356 0
 143 0.0205730362921571 0.0267338018025852 0
 144 0.0205508320563743 0.0266365803098251 0
 145 0.0205763893826576 0.027030853956067 0
 146 0.0205615431722982 0.0267581933220205 0
 147 0.0205611022700349 0.0271141745695085 0
 148 0.0205576029681785 0.0268339980028721 0
 149 0.020578624601848 0.0269480510929055 0
 150 0.0205612765721168 0.0269729497143515 0
 151 0.0205929081253063 0.0268633713413381 0
 152 0.0205566060091234 0.0268716862432579 0
 153 0.0205880754735901 0.0268917484556473 0
 154 0.0205506209397386 0.0268564510135882 0
 155 0.020558634124639 0.0269390566219227 0
 156 0.0205648552608074 0.026959327086532 0
 157 0.0205754960626782 0.0267353557516729 0
 158 0.0205644782169646 0.0269777889163967 0
 159 0.0205835727570459 0.026879282474273 0
 160 0.0205481112689217 0.0268544920811391 0
 161 0.0205757363168992 0.0267393907475345 0
 162 0.0205594948175019 0.0269200428276663 0
 163 0.0205784551851097 0.0268153797656403 0
 164 0.0205605402810401 0.0268846832416086 0
 165 0.020582743295487 0.0267996746156219 0
 166 0.0205574632124551 0.02677160769762 0
 167 0.0205621671004712 0.0269955903789958 0
 168 0.0205633765719745 0.026789540430688 0
 169 0.020583975797896 0.0268624428471573 0
 170 0.020556109448838 0.0270593946347769 0
 171 0.0205874354935737 0.026885433508198 0
 172 0.0205492132628649 0.0266563040468965 0
 173 0.0205742902551827 0.0269184656618602 0
 174 0.0205539098228655 0.0268965880068162 0
 175 0.0205723228575095 0.0270078625967791 0
 176 0.0205594395084328 0.0269387804651651 0
 177 0.0205815699406314 0.0267667883956193 0
 178 0.0205411191208414 0.0266881338189235 0
 179 0.0205724845972792 0.0269593290067118 0
 180 0.0205680432964836 0.026905158467202 0
 181 0.0205813150303794 0.0266665450636481 0
 182 0.0205449422511904 0.0267729614243303 0
 183 0.0205774514214689 0.0268598219763865 0
 184 0.0205484722609211 0.0268820063365021 0
 185 0.020575114831398 0.0268426000589426 0
 186 0.0205280223869337 0.0266710161148705 0
 187 0.0205798469846166 0.0269994808376922 0
 188 0.0205431500279819 0.0271027858089632 0
 189 0.020567671312461 0.0269121147546814 0
 190 0.020555585495733 0.0267397941598398 0
 191 0.0205666539396486 0.0267229388221626 0
 192 0.0205529482825519 0.0268098463313414 0
 193 0.0205657621899583 0.026800497849041 0
 194 0.0205574986311965 0.0267406849486731 0
 195 0.0205594691694478 0.0267628895579567 0
 196 0.0205439093499643 0.0267223088286491 0
 197 0.0205623213377489 0.0268469531063924 0
 198 0.0205402388866039 0.02680659476881 0
 199 0.0205658623395029 0.0267287882133081 0
 200 0.0205445669521131 0.0268114413024505 0
 201 0.0205597453658398 0.0267560332943851 0
 202 0.0205547029933003 0.0268496926791829 0
 203 0.0205892306828837 0.0267511782072166 0
 204 0.020547172236084 0.0267789525596522 0
 205 0.0205712615166044 0.0268678324425381 0
 206 0.0205358387622761 0.0264399624589168 0
 207 0.0205668587751282 0.026880982531582 0
 208 0.0205494950425068 0.0268125468022901 0
 209 0.0205676109435717 0.0267534352912093 0
 210 0.0205480231582597 0.0265873442830999 0
 211 0.0205746693927443 0.0268370065753867 0
 212 0.0205411747788635 0.0268315986510175 0
 213 0.0205614974594399 0.0267749170401052 0
 214 0.0205450258254619 0.0265869356339408 0
 215 0.0205650939447394 0.0267305656014917 0
 216 0.0205438003021152 0.0267263714052742 0
 217 0.0205719386601278 0.0266037125933726 0
 218 0.0205310151833409 0.0267382655222123 0
 219 0.0205708579523247 0.0266089271032743 0
 220 0.0205451805861692 0.0265804616606975 0
 221 0.0205699309583696 0.0267775187090787 0
 222 0.0205397754768647 0.0267019669682662 0
 223 0.0205553089503878 0.0270119092882809 0
 224 0.0205412693451582 0.0268954404375843 0
 225 0.0205781055340866 0.0264738237810991 0
 226 0.0205359169277743 0.0265698214211236 0
 227 0.0205667376883967 0.0266485472190311 0
 228 0.020531345118513 0.0268157376173174 0
 229 0.0205562253012729 0.026775689825166 0
 230 0.0205380657810683 0.0267293702023283 0
 231 0.020555745141784 0.0265977764450156 0
 232 0.0205314330546985 0.0266745090963626 0
 233 0.0205653654302644 0.0265978127538688 0
 234 0.0205245592017248 0.0265345194404578 0
 235 0.020568787613482 0.0267557520753355 0
 236 0.0205401834030584 0.0269522369101569 0
 237 0.0205758188443114 0.0267155827881756 0
 238 0.0205404428497008 0.0267013013641468 0
 239 0.0205671644580586 0.0263566498753177 0
 240 0.0205498905808649 0.0267156407426911 0
 241 0.020580998704379 0.0267139174686637 0
 242 0.0205260340520735 0.0266241993400443 0
 243 0.0205723223340798 0.026834212190193 0
 244 0.0205484216627192 0.0266459328070467 0
 245 0.0205813007233016 0.0267096394827852 0
 246 0.0205675589495573 0.0264486779801533 0
 247 0.0205834070043154 0.0266530636563198 0
 248 0.0205515521211311 0.0267326585973982 0
 249 0.0206184979042295 0.0265941502728749 0
 250 0.020583984870677 0.02692245474797 0
 251 0.0206266365377754 0.0266496130933435 0
 252 0.020606439131368 0.0265188558361463 0
 253 0.0206701876315326 0.0267256351036283 0
 254 0.0207134562477418 0.0268152615873059 0
 255 0.0211882245854444 0.0277025740224916 0
[END] of [DATA]
[END] of [Spectrum]

